1000 1000
0
688
523
598
916
512
712
377
490
184
861
813
184
778
929
728
368
958
169
507
849
842
120
793
29
552
400
789
4
245
479
544
462
161
522
770
805
606
951
128
705
487
452
307
855
865
172
817
945
89
3
815
77
340
904
314
556
378
296
455
490
418
672
291
785
636
426
195
580
463
916
859
803
81
718
365
212
511
129
435
792
-25
159
837
454
588
373
778
466
48
232
864
463
78
139
550
584
586
478
-75
662
333
-95
865
4
822
728
330
548
810
731
434
426
124
255
212
450
747
219
362
500
-28
142
850
834
839
586
188
616
180
276
299
682
11
512
-85
259
371
373
453
667
184
643
551
695
602
-3
624
529
593
455
222
735
555
596
809
568
810
254
835
814
223
-43
232
807
29
-30
554
258
145
788
472
361
193
82
-44
770
132
601
753
570
271
288
484
-58
715
297
367
285
103
212
434
-121
164
658
-187
300
412
-100
-67
-106
-84
20
118
297
285
456
300
190
23
333
87
4
-104
633
-120
128
23
-202
431
-99
-219
286
489
420
501
-148
-84
1
-14
483
338
-30
684
582
-117
-55
619
641
580
571
293
111
220
1
-57
39
433
359
394
273
612
-25
47
-241
340
-101
582
570
721
447
63
358
693
612
588
170
305
532
354
-192
189
356
216
439
313
678
-176
181
-4
530
578
667
-242
432
70
188
-148
666
354
592
-91
-125
194
100
550
206
469
299
645
-179
-172
384
580
654
508
-165
247
216
-229
-202
-175
-171
44
-313
611
33
589
-90
585
623
511
-223
115
668
640
545
288
561
663
326
7
-322
-257
56
620
162
264
-335
475
469
602
44
149
191
298
389
584
228
19
629
492
-162
465
-70
81
141
-316
-347
9
-279
528
-41
131
-173
130
-141
261
98
-191
276
-239
372
43
201
-89
574
51
33
-365
613
-255
-168
583
-284
285
-114
430
-273
-76
173
-353
-376
503
510
355
-241
436
-397
-123
210
-383
376
184
234
263
424
-317
45
-251
69
-245
587
-243
-349
209
-385
-333
213
538
223
338
59
-106
569
109
-121
565
432
-366
190
-6
536
82
-241
350
-355
-307
-304
-43
-373
416
37
-110
318
339
-160
98
372
-441
-325
460
-151
486
-55
-356
-256
-379
451
-43
-65
-214
137
-360
179
-74
-290
356
-165
-247
212
-128
520
153
80
59
-238
363
-271
-373
-352
145
-15
-333
158
42
26
51
283
5
221
-202
-146
39
418
-356
-41
-128
416
343
-60
-343
-217
207
-403
-467
-384
-302
53
-508
-153
5
478
262
109
154
187
115
157
9
447
104
156
-215
-511
110
-344
-10
-386
-102
-111
-199
-386
-468
-292
146
-50
448
96
-26
-462
-51
446
216
-292
-214
444
-188
-471
-326
-140
-545
-63
376
-464
-147
-348
-531
-363
-196
-16
129
-354
291
257
239
46
111
274
-161
-366
351
-190
114
312
-405
-208
-532
-279
-182
-116
63
-453
225
-31
129
-425
-221
-235
-199
-81
-266
259
102
-369
198
-331
-61
36
-481
-95
-362
389
-407
-403
-504
-240
-117
-318
-11
-166
-95
-3
52
272
59
72
84
311
-285
-420
-367
-415
-261
-560
-98
-101
-519
-491
-68
108
77
-496
77
-596
181
-487
-519
345
-369
-466
103
-630
175
213
-202
-268
142
-328
-398
244
-212
44
297
227
-493
244
-332
-296
-467
200
-256
78
-443
-401
333
-241
-202
-430
-382
-54
122
312
-430
-659
-411
246
187
-290
148
-677
269
101
57
-476
-425
70
-22
-332
255
-542
-399
204
7
-528
-365
-127
-77
-694
44
147
-612
242
295
-255
-512
268
-543
134
-599
-265
-263
-637
-325
-498
-586
190
265
-436
-626
122
160
237
175
-331
-200
71
189
-292
-260
-564
-104
-433
-571
-638
-493
-453
-664
-344
-170
-499
-454
195
-12
166
-728
-336
-62
232
189
-735
-560
75
-16
-460
-435
-533
-119
-238
-263
-466
158
127
231
-216
-584
-734
-662
-706
-513
-366
-270
-691
-564
-13
-211
-448
-395
-316
16
-778
90
-48
134
-41
-728
-615
-781
-252
-602
-711
-77
-46
-80
-648
8
-20
-403
-98
-580
-335
-17
-249
-749
-275
-38
154
-10
-377
-789
-30
-170
-295
-534
-461
-529
-426
-440
-72
-27
-372
-174
-228
-679
38
-804
45
-233
-512
-819
28
3
-395
-645
-742
-575
-605
-495
-422
-90
61
-541
-525
-213
-808
-751
141
-521
-124
-176
-569
-661
-631
-215
-341
-826
-667
-30
-81
-289
-853
-244
-757
-67
-490
-443
-251
-20
-788
-273
-51
-65
-323
-319
-244
-828
76
-211
-405
102
-494
98
-139
-66
-469
-143
-858
-845
-370
-208
88
-344
-248
-732
42
-703
-502
94
-484
-420
-92
-352
15
-394
-459
26
-390
-750
-616
-612
51
52
-864
-43
-754
21
-527
-324
-430
-903
-191
-394
-18
-158
72
-461
-334
-683
-838
-706
-129
-667
-887
50
-934
-766
-467
-404
-356
-714
-412
-226
-303
-174
-214
-184
-339
-780
-10
-508
-636
-334
-722
-444
-811
-599
-438
-123
-874
-653
-387
-558
-441
-208
-575
-963
-741
-661
-575
13
-847
-48
-514
-682
-246
-520
-755
-529
-20
-590
-173
-121
-110
-903
-77
-361
-187
-405
-291
-51
-194
-479
-795
-685
-65
-224
-532
-523
-421
0
6
2
3
6
6
4
4
4
2
3
4
6
3
1
6
3
3
5
4
1
4
1
5
5
3
3
5
3
1
1
2
6
5
1
4
5
5
3
2
1
2
5
4
6
4
6
6
6
1
3
2
6
6
1
4
2
2
1
1
1
2
3
4
4
2
1
2
3
2
2
1
2
2
3
2
5
3
6
2
1
3
3
3
4
5
6
2
4
2
6
4
4
1
6
4
6
3
2
5
2
4
1
2
4
3
6
2
5
6
3
2
3
4
3
4
1
5
6
3
2
1
3
3
5
6
5
4
5
1
3
3
6
1
3
5
5
2
2
3
4
3
2
6
6
6
2
4
3
1
1
5
5
3
2
1
6
6
5
4
5
1
4
2
5
6
3
4
3
1
5
4
6
5
4
1
4
3
2
5
6
5
4
3
1
1
3
1
2
5
2
5
2
5
4
2
6
2
6
4
5
5
6
3
1
4
3
3
5
2
3
3
2
6
1
5
3
4
1
1
3
3
2
1
3
6
1
4
3
5
5
4
2
1
1
3
5
1
6
2
5
3
3
3
2
4
5
4
4
2
1
3
4
2
4
2
3
2
3
3
1
4
4
5
5
2
2
3
5
1
2
5
3
2
6
6
4
1
4
5
6
5
6
6
5
2
2
2
1
1
5
6
1
5
1
5
6
2
4
4
2
4
3
6
6
4
3
1
1
5
4
6
5
2
6
2
3
4
6
3
2
3
5
4
1
1
2
3
4
6
3
1
6
1
6
1
4
6
5
6
3
2
2
6
5
4
3
1
1
5
2
5
5
1
2
2
2
1
4
3
6
1
2
1
1
5
2
6
1
4
1
1
5
3
5
6
4
1
3
3
6
3
6
4
3
2
4
4
3
4
6
6
6
3
2
5
1
1
4
6
4
4
2
3
6
1
2
5
2
4
5
6
5
3
4
6
1
2
4
6
3
4
3
6
6
1
2
4
4
5
2
2
3
5
5
5
3
4
2
3
1
4
2
3
1
6
4
3
4
5
1
4
6
5
6
1
2
4
3
3
3
2
4
1
6
1
6
1
2
4
3
3
2
4
1
3
2
3
2
5
3
6
2
6
6
6
2
1
4
6
4
4
4
6
6
6
1
5
2
4
5
5
6
5
5
5
1
2
2
2
2
5
5
1
5
1
4
6
5
4
4
5
2
5
1
4
3
1
1
1
2
4
2
5
1
6
1
4
2
3
3
5
1
5
5
2
6
3
3
1
1
3
4
5
6
6
1
5
5
1
4
3
3
2
5
5
6
3
5
1
3
5
5
6
3
3
5
1
4
5
1
4
5
4
3
1
1
3
6
4
2
1
5
5
1
3
3
1
4
6
1
1
3
2
1
6
4
1
4
6
5
1
2
6
4
6
5
4
5
6
4
2
1
3
2
2
3
3
3
3
2
3
4
5
2
2
4
4
4
1
5
4
5
5
5
6
6
4
5
5
6
2
6
2
5
2
1
4
6
4
6
1
5
1
4
2
2
4
4
3
4
2
1
2
4
6
5
2
4
2
6
6
2
3
5
5
2
3
2
3
5
3
4
1
5
4
4
4
3
4
3
3
1
2
5
6
5
4
1
1
5
1
5
2
3
3
2
3
5
6
4
4
4
4
3
2
3
4
5
3
5
5
4
2
6
6
1
4
2
6
6
2
5
5
4
4
3
4
2
5
4
4
6
1
2
4
2
4
3
3
2
1
5
6
6
3
3
1
2
1
5
3
1
5
6
4
1
2
2
5
3
3
2
4
2
2
5
2
6
1
2
2
5
4
3
1
3
1
3
4
3
3
1
4
2
5
6
5
6
3
5
6
4
5
2
3
2
6
1
3
6
5
1
1
1
4
5
4
4
3
4
3
5
1
1
2
3
6
1
5
5
2
1
3
5
6
1
2
6
3
6
4
1
4
5
3
5
2
6
1
5
2
1
3
3
1
6
3
5
4
6
2
3
4
2
1
1
4
1
2
6
1
4
1
4
6
3
5
3
2
1
2
5
1
2
6
3
6
3
1
6
1
6
6
6
4
3
6
6
3
6
3
6
2
3
6
6
4
5
4
2
5
5
1
2
2
6
5
1
2
4
3
4
5
6
3
3
4
1
4
3
2
5
1
6
6
5
3
5
6
4
5
5
1
6
1
5
3
2
6
5
3
6
5
1
4
2
3
1
2
3
5
6
4
2
5
6
5
3
3
1
4
2
1
3
2
4
4
4
1
2
5
5
5
3
6
2
5
1
6
6
