1000 400
0
884
695
932
223
743
93
149
211
234
697
877
455
453
937
577
665
621
691
370
447
5
483
235
640
442
712
908
276
237
352
773
258
-30
740
278
410
26
-15
722
954
-9
605
622
851
379
361
695
308
212
606
769
642
538
456
649
830
807
455
634
30
885
479
620
338
544
914
904
76
474
755
396
559
491
693
383
145
129
448
740
424
212
495
141
-15
595
592
137
775
848
714
771
667
480
675
310
683
681
6
644
668
833
202
455
220
-84
-49
511
99
697
615
741
587
226
420
813
650
858
171
808
217
-85
186
756
395
438
58
558
555
-41
-14
789
141
148
-123
76
171
33
358
125
618
210
208
740
321
429
-51
666
575
538
-139
42
244
-69
473
5
225
34
776
396
241
149
88
16
806
241
660
739
443
686
657
225
363
249
658
-144
350
178
593
295
815
685
-165
528
-121
-6
392
494
140
79
518
452
510
-109
213
70
493
610
-33
705
545
337
293
694
434
466
-62
625
237
139
520
473
625
679
-135
492
628
97
154
71
125
200
-138
-142
13
41
652
579
587
-78
29
448
-208
325
-111
82
606
241
77
382
735
659
467
70
593
-9
462
676
-69
251
36
-203
114
453
-173
503
231
-150
282
-143
195
191
284
331
-246
472
405
267
531
326
367
657
498
-126
599
-56
-159
272
-123
395
167
69
348
433
403
695
363
706
248
-62
281
-247
125
-123
-279
106
-60
3
-22
257
-263
334
484
179
648
-233
217
624
302
105
198
294
212
289
27
267
567
-61
-145
-36
-164
52
-31
-222
-243
-63
360
152
167
593
87
103
633
-96
518
-158
-98
293
0
-18
100
201
102
149
-138
199
-200
479
290
-347
283
452
290
128
-324
403
-83
-326
245
117
64
468
620
-202
543
-126
155
-70
470
-71
89
-90
564
455
-34
-226
26
519
-26
237
157
-329
356
7
484
437
368
-64
583
381
234
171
553
-191
-384
311
-396
-354
-105
-18
352
-79
-317
119
-210
178
283
415
-202
337
543
-194
37
-384
-308
68
-191
-132
41
148
-103
-54
483
56
65
448
434
303
-405
99
-417
-28
-386
73
519
-105
-295
549
-399
-413
-149
-33
198
-143
217
209
195
-163
-390
-79
194
-221
502
-216
72
-338
-288
247
421
236
390
224
377
314
-49
109
403
352
-71
525
-443
-154
-74
-195
255
-464
-256
-180
205
189
484
-28
316
-405
-387
43
-341
130
163
76
-33
-216
502
102
351
153
-397
384
-162
-345
102
-165
-138
37
-440
-89
-289
14
104
191
-399
164
385
-177
129
-450
27
412
453
-328
-369
30
53
-369
-424
-171
140
-76
25
139
-359
16
197
-202
-84
78
-448
-260
-44
-402
78
-346
-525
76
-242
342
-74
-329
-547
-19
197
356
-492
131
139
400
-49
265
-377
21
-145
-148
-86
-525
-201
-22
-270
-369
358
-336
-379
111
101
-43
-368
-57
-514
55
-6
-270
370
-552
-497
-573
-277
16
-362
-133
-48
-251
-532
-216
-431
-174
-425
2
-252
252
97
347
-293
24
-178
357
-32
-344
190
44
232
-36
-63
-310
-304
-213
-148
-275
-551
7
292
172
-29
-298
288
-427
367
-44
-434
202
-486
-195
-512
88
-135
-226
344
-52
-273
-344
292
255
249
-112
111
-390
165
5
93
-500
-367
-296
-96
231
-538
-582
-522
196
121
-316
-426
-294
-603
167
-274
-148
159
199
-3
-338
-166
-392
-650
-161
-29
302
-208
-444
-80
-251
-672
-462
-460
-307
-71
272
-638
-254
-441
89
-135
-222
-126
-285
-90
-427
-167
-644
21
-432
-408
-587
-260
-492
215
262
-609
15
-542
-571
-589
-285
-482
-543
-535
258
67
-340
167
49
-402
-51
-340
249
-710
-198
113
-46
177
173
-549
-453
-219
-235
243
-340
246
-598
-561
-347
-87
-696
-196
-293
-398
-106
-556
-616
76
-704
161
-394
-491
-164
206
-255
-208
205
-327
-33
-668
195
80
169
139
224
-60
-34
-69
-434
-56
-359
-534
59
-84
-677
-733
-600
-742
5
132
-634
-85
-73
-151
-275
-511
-39
-437
-396
-333
-195
-751
-87
-313
-127
14
-714
-109
-539
119
139
103
157
-129
-47
26
-566
-425
-5
-651
-800
-767
122
-108
-786
-393
146
38
-494
-84
-303
-549
-175
-63
-467
-779
82
-182
34
-191
-670
-217
-816
-346
-1
-653
-33
104
-70
-812
97
-586
-134
-801
-339
-294
-485
-794
-672
-745
-242
-607
-482
16
-516
-198
-509
-841
-241
-233
-155
-92
-500
-96
-630
-83
-845
-410
-235
-200
56
-393
-266
-406
62
-341
-344
-786
-335
-526
-690
-543
-306
-722
-221
-670
-607
-355
-362
-247
-850
-364
-403
-563
-64
-842
-726
-682
-256
-575
-154
-554
-141
-815
-45
-691
-237
-579
82
-442
-857
-741
-742
-150
-839
-445
-878
-207
-30
-370
9
-71
-533
-444
-916
-765
-565
-303
-357
-348
-674
-297
-849
-605
-621
-316
-635
-280
-123
-576
-179
-466
-924
-182
-695
-845
-769
42
-671
-251
-40
-103
-250
-178
-266
-359
-710
-271
-728
-752
-524
-778
-816
-572
-887
-406
-932
-83
-104
-617
-811
-188
-679
-87
-212
-22
-542
-414
-924
-502
-686
-296
-50
-807
-487
-841
-491
-736
-829
-812
-877
-730
-593
-757
-64
-52
-994
-376
-719
-609
0
5
5
2
6
1
1
6
1
1
6
3
5
3
5
1
1
4
3
6
4
1
6
3
6
2
4
2
5
3
2
6
2
2
2
4
5
3
4
1
2
3
2
3
2
1
2
3
6
3
4
5
3
1
6
2
6
2
6
5
4
6
2
3
4
2
4
4
1
1
2
1
6
2
4
4
2
3
3
2
3
1
4
5
3
1
1
3
4
6
6
6
4
4
6
6
6
2
3
3
3
5
4
3
5
1
3
5
5
5
1
2
2
6
2
4
5
6
2
6
4
6
5
6
6
6
4
6
3
4
1
3
6
3
5
2
6
4
1
1
4
4
6
1
2
5
4
3
3
5
1
1
3
4
1
4
4
3
5
5
5
2
2
4
6
5
2
3
1
2
3
2
5
5
1
5
6
6
6
2
4
3
1
5
1
4
2
6
2
4
6
5
4
6
6
3
6
3
5
3
5
1
6
6
2
4
3
1
2
5
2
4
4
4
6
6
4
2
3
4
3
3
2
2
3
5
4
4
1
4
6
1
2
6
1
1
2
4
3
3
1
2
6
3
6
3
3
3
2
2
5
4
5
4
5
4
6
2
5
3
5
4
2
4
6
2
5
2
5
2
2
6
2
5
4
3
3
4
6
4
5
4
3
6
2
5
3
3
2
1
6
3
6
6
2
4
5
5
5
3
6
3
4
6
5
1
2
3
2
4
2
6
3
3
5
2
1
4
2
3
4
6
4
6
4
1
6
1
1
3
5
4
6
4
6
1
5
1
2
5
2
3
5
3
3
4
4
5
2
2
3
3
4
6
1
1
3
5
5
5
4
6
4
5
2
6
1
2
4
2
5
2
3
1
1
4
3
5
5
5
3
4
6
5
1
3
6
3
6
1
2
1
4
3
3
4
4
1
4
3
5
